108 101
107 48
133 131
77 103
102 107
103 135
103 169
74 171
208 167
102 106
76 138
135 105
208 105
138 133
208 110
142 135
170 78
107 39
135 136
208 108
104 78
208 108
137 138
170 135
47 134
169 111
112 107
208 110
171 107
102 76
133 208
100 46
76 135
39 208
168 208
175 109
140 107
105 172
99 77
108 103
102 135
169 111
110 133
78 75
133 39
106 111
107 74
101 133
110 77
208 107
75 136
103 136
102 73
133 103
132 132
77 135
133 78
76 73
76 103
108 110
111 44
164 107
110 74
101 133
100 142
134 108
104 167
100 100
108 111
134 110
137 105
102 135
47 132
133 105
139 136
132 105
131 79
208 164
101 133
102 139
78 100
72 106
104 133
79 110
169 168
108 135
107 102
106 136
132 132
136 80
208 110
133 135
105 132
79 165
136 68
135 136
101 111
135 139
102 138
108 169
133 112
132 79
43 101
168 106
132 133
76 105
132 167
75 107
73 110
107 133
138 108
103 135
166 104
100 133
110 112
105 131
76 80
105 132
105 136
208 78
107 133
208 164
132 101
169 208
131 100
109 109
132 74
77 106
106 103
133 137
133 77
77 106
132 131
136 106
41 208
135 135
102 108
106 105
105 79
109 111
108 78
208 208
134 136
77 103
208 76
111 164
133 135
108 135
131 136
77 111
208 103
71 106
106 135
76 73
112 133
104 134
109 103
135 142
164 175
76 69
109 107
133 135
78 139
106 100
208 106
106 69
108 74
108 138
208 105
77 105
103 69
77 165
76 105
102 78
111 137
139 135
107 104
109 74
103 138
103 101
132 108
208 106
111 106
74 70
134 136
132 73
101 107
173 77
77 134
105 107
73 137
132 108
103 134
105 106
105 134
105 106
47 132
106 74
135 132
77 137
79 106
107 132
208 107
208 48
111 76
133 134
73 136
74 110
138 101
109 73
79 109
47 173
112 134
165 109
76 139
174 101
109 132
108 134
105 168
132 136
100 134
76 107
135 137
79 106
133 101
140 102
138 136
108 74
47 139
131 134
79 105
131 132
79 132
208 106
139 135
173 208
104 79
78 172
106 111
137 108
102 135
102 137
105 142
208 40
80 106
105 131
108 80
105 137
174 111
102 135
175 108
174 105
73 100
165 104
77 133
104 137
175 168
137 142
164 110
132 111
107 101
77 136
134 105
134 111
111 106
106 107
135 144
79 135
137 46
75 138
112 138
133 108
105 102
110 134
137 105
141 165
131 104
103 140
107 141
107 138
139 105
137 137
135 46
77 108
111 107
137 106
133 102
104 138
106 170
99 171
73 77
79 43
111 137
41 105
78 74
170 108
72 139
132 168
78 135
108 106
135 106
134 78
112 111
208 168
173 132
175 107
137 131
175 132
109 137
79 133
108 108
139 105
134 106
80 105
106 43
106 74
106 138
132 105
109 105
111 111
106 138
108 169
76 111
40 105
137 106
110 135
135 110
108 74
99 107
111 104
167 105
170 103
167 74
136 140
131 131
74 75
208 163
136 74
208 137
171 105
167 78
79 142
133 112
134 104
132 133
136 69
208 77
131 78
173 136
166 137
77 110
41 208
165 110
134 136
132 110
109 107
131 109
138 111
109 78
110 80
208 71
105 110
108 138
105 106
108 48
71 208
73 208
108 104
136 107
102 104
110 102
105 135
109 74
111 108
108 105
135 106
110 80
100 136
134 109
108 107
99 78
107 105
77 106
137 133
69 135
133 79
106 104
132 105
208 134
175 208
105 105
133 110
107 76
109 137
104 79
42 75
104 133
109 171
45 45
77 169
80 136
104 171
103 110
79 109
133 101
108 135
106 45
106 136
110 135
109 131
102 71
47 71
46 108
134 106
135 75
104 109
105 103
208 136
143 73
102 164
99 134
135 106
131 134
176 76
171 102
107 171
100 109
101 78
173 132
137 164
140 132
105 105
105 111
73 141
132 108
138 109
74 137
78 107
101 139
138 165
135 134
172 109
134 78
109 166
134 106
103 99
208 166
208 101
133 111
176 111
163 133
108 104
109 136
164 103
103 135
107 75
108 136
109 104
110 134
112 166
78 74
134 47
106 134
137 105
105 135
104 103
41 110
77 109
132 111
133 134
135 139
78 111
167 172
110 138
104 133
135 101
109 104
166 170
168 208
106 131
144 109
171 166
107 132
111 105
132 135
107 109
171 110
107 132
176 133
168 171
69 107
133 134
171 138
77 135
137 80
77 132
133 107
133 109
102 136
104 109
108 109
133 136
102 108
79 175
139 135
105 71
134 132
135 103
102 106
103 107
73 77
101 170
111 132
79 134
166 135
102 107
100 165
108 78
142 208
105 135
107 131
105 110
111 108
133 112
73 101
137 139
137 107
108 102
111 138
111 107
174 103
102 131
172 76
138 76
103 134
132 131
136 77
112 110
132 136
108 75
103 131
100 102
105 101
136 106
143 108
71 100
136 108
134 137
110 101
173 76
36 104
106 111
169 73
138 138
143 102
80 133
110 135
133 137
131 108
208 76
68 136
110 133
140 109
164 172
110 171
72 167
107 164
108 103
132 78
174 169
79 107
109 77
208 170
108 109
77 104
133 78
40 105
108 78
106 101
139 109
103 107
103 112
47 168
135 69
102 73
111 101
104 106
107 110
73 75
107 109
73 136
208 103
208 167
104 132
111 107
108 131
101 102
103 75
108 100
100 140
139 104
104 131
103 108
169 79
72 165
105 133
76 103
166 101
135 106
110 102
136 111
72 174
75 131
175 163
76 104
112 105
106 78
105 102
102 78
108 78
111 132
109 106
112 108
75 135
99 139
76 132
133 139
109 0
102 135
105 163
175 107
101 172
104 107
103 167
163 101
103 137
110 101
109 110
111 71
77 78
102 78
134 102
78 137
132 108
135 131
107 107
107 80
100 139
79 105
104 74
139 134
107 76
135 46
106 80
139 102
175 168
109 141
103 107
136 104
134 109
103 79
108 106
131 107
133 134
110 77
133 106
108 106
106 75
140 136
77 108
142 102
101 137
132 137
175 111
100 103
133 110
135 137
109 104
110 135
136 104
107 72
133 139
111 132
111 134
138 76
105 109
112 100
208 76
105 142
73 105
79 104
109 104
133 134
109 103
105 112
105 111
140 132
111 105
172 135
133 108
110 107
79 136
105 105
111 104
208 106
104 132
138 76
134 105
77 72
109 108
132 105
106 104
208 46
39 208
78 131
134 108
102 135
109 208
105 164
110 107
163 132
134 106
132 111
134 132
110 106
136 110
166 112
104 76
110 107
138 106
106 75
132 43
102 137
110 133
133 137
135 132
135 107
174 110
208 208
136 103
105 107
208 109
103 142
133 107
108 111
137 78
48 76
100 73
208 100
106 137
168 171
137 112
135 167
132 108
108 107
169 137
110 139
170 136
173 75
77 106
106 105
111 104
75 107
110 108
108 108
166 133
175 140
111 79
108 72
165 77
106 72
104 78
74 135
112 101
47 103
175 102
73 139
111 134
78 135
164 107
80 167
133 108
44 109
133 104
141 136
99 132
109 77
137 105
111 131
131 110
174 136
110 110
137 103
74 101
77 76
100 137
139 107
142 108
139 105
77 133
175 167
79 105
138 103
135 106
134 106
101 132
134 103
108 136
132 101
105 108
134 104
109 137
106 139
110 111
103 109
45 131
174 168
132 136
171 134
134 76
106 106
112 165
172 79
133 105
131 109
108 136
111 133
76 108
103 134
73 140
106 79
173 77
142 110
109 136
169 106
79 170
47 111
104 74
108 110
103 131
109 132
135 107
173 134
110 101
166 135
77 71
0 133
110 106
134 109
101 69
73 138
208 103
103 107
108 111
134 76
107 137
137 108
74 105
139 109
108 104
76 110
74 142
101 109
110 103
78 170
78 136
111 108
173 107
135 76
109 101
137 132
175 132
136 107
174 136
78 112
131 133
109 100
167 166
135 132
102 99
75 74
80 107
111 166
168 165
104 103
107 109
105 105
138 100
110 100
108 109
76 72
103 139
108 131
107 140
169 108
109 133
174 136
175 134
109 131
110 135
75 139
78 110
79 105
208 135
102 75
47 136
104 111
169 133
111 138
75 107
108 100
101 144
110 105
135 132
174 134
76 138
174 74
80 111
109 103
111 108
112 106
73 137
164 104
138 69
110 164
103 109
135 140
75 138
77 107
208 172
137 104
107 134
134 108
104 78
76 106
111 106
135 137
163 105
105 131
208 109
208 105
99 104
137 104
164 137
79 104
71 135
131 77
111 105
111 102
74 167
78 103
107 133
101 164
136 134
79 132
111 110
103 134
137 169
171 167
208 109
103 105
72 208
110 139
140 77
104 79
108 110
103 79
73 103
208 104
132 136
105 133
101 143
171 137
132 168
104 105
208 133
139 134
77 108
169 172
208 163
208 107
106 107
132 141
175 106
110 135
208 208
143 138
104 110
174 111
108 166
139 131
208 101
112 106
110 70
104 70
74 108
103 107
134 102
133 108
139 104
138 106
109 109
108 105
110 102
77 169
106 76
133 140
136 135
165 110
109 133
46 109
132 133
106 132
100 105
102 132
107 101
138 108
167 139
208 163
110 134
171 108
171 109
208 69
79 143
103 77
76 164
108 136
136 75
131 111
133 134
109 163
106 132
101 79
105 111
107 137
136 139
108 74
208 80
105 77
106 106
133 107
105 107
135 134
131 106
175 108
105 110
111 102
104 74
104 134
136 110
109 105
101 137
108 109
102 166
109 136
208 132
173 100
134 108
143 102
134 106
110 133
134 105
106 100
135 109
140 107
107 208
75 79
77 132
172 80
108 109
107 102
101 133
171 132
166 103
136 166
110 77
208 72
70 136
208 132
110 103
76 73
109 133
107 46
135 104
109 107
135 139
208 104
74 104
104 134
110 135
142 74
170 103
172 131
105 105
107 77
132 167
173 103
132 136
109 104
134 104
78 76
132 133
108 108
104 112
142 132
80 69
109 132
102 109
208 75
165 107
109 103
105 133
138 67
109 135
110 140
111 133
47 134
142 171
103 137
111 105
132 135
111 106
134 80
106 76
140 109
80 138
164 107
110 108
102 105
110 79
175 106
108 171
168 100
134 103
131 105
136 132
108 108
106 170
106 112
138 43
104 104
175 171
138 136
111 108
72 44
47 72
175 105
108 135
36 77
77 135
132 110
110 106
134 135
110 134
111 164
106 133
173 135
109 142
109 80
133 109
132 70
110 109
172 104
208 133
175 175
134 135
165 101
173 108
169 172
109 132
110 107
79 137
101 104
78 143
101 106
139 76
101 105
73 72
142 105
104 133
103 75
109 106
166 135
110 140
164 139
111 77
137 172
107 137
134 108
164 106
169 133
132 143
106 79
77 76
74 102
109 108
109 77
111 102
133 131
75 45
79 76
44 103
75 106
109 134
111 108
103 102
105 110
138 107
112 101
101 110
41 105
109 133
78 168
104 167
109 108
138 102
109 102
131 106
76 76
41 44
132 108
174 173
136 106
208 106
107 131
43 108
109 77
167 107
102 101
166 134
39 173
138 73
108 104
78 107
110 78
105 139
105 134
80 134
107 79
135 109
80 110
110 137
105 110
132 133
107 107
104 45
136 112
131 107
135 171
133 108
131 137
103 137
76 171
142 108
109 107
105 133
73 101
111 110
132 105
110 143
103 78
110 108
133 132
138 106
77 106
75 46
79 110
104 133
45 131
108 78
165 102
105 79
137 71
134 135
175 110
164 133
108 170
132 73
104 107
142 106
174 170
108 103
208 75
106 106
176 104
137 109
131 76
208 0
136 106
73 76
103 79
112 78
112 107
107 132
106 103
132 132
75 44
143 78
108 107
134 108
110 133
134 107
107 106
135 137
101 132
138 132
103 139
132 112
102 76
78 106
133 166
167 133
169 110
208 112
102 102
133 104
107 102
134 136
172 140
142 137
105 104
73 167
107 134
103 136
136 108
131 111
166 106
138 104
102 109
77 107
134 111
45 105
110 104
106 45
112 107
103 109
101 134
76 132
105 110
139 134
132 107
137 107
139 110
137 107
110 135
77 133
110 103
134 74
73 47
109 142
137 79
38 134
174 133
40 208
169 168
134 108
104 100
106 133
110 111
108 101
104 132
140 44
134 107
107 135
165 75
76 99
106 104
109 174
132 107
71 108
208 72
106 48
176 172
110 104
69 75
174 132
100 135
74 75
165 135
108 106
169 208
78 111
208 73
136 208
100 99
101 133
132 73
135 103
135 104
78 132
133 106
133 106
79 133
111 103
167 133
105 103
108 108
108 132
76 43
78 112
112 103
112 132
134 166
134 106
110 107
167 134
73 68
104 68
112 110
139 104
134 77
109 74
78 109
107 75
42 143
112 75
109 106
104 102
164 102
136 107
208 45
47 105
166 69
136 75
108 104
208 135
110 167
106 109
134 108
73 100
208 173
104 100
137 166
133 104
102 133
136 76
109 106
74 108
103 131
110 110
106 105
168 77
107 135
137 132
77 104
109 111
138 106
108 111
208 0
106 165
79 107
136 105
79 73
106 136
102 142
175 137
110 107
76 45
132 172
111 166
109 104
174 132
44 165
173 133
111 135
106 109
112 109
107 80
132 107
73 109
208 132
111 99
135 136
109 108
132 172
208 171
138 108
105 38
110 110
109 104
135 140
108 107
75 137
208 167
40 104
171 131
138 164
168 109
168 141
78 107
131 105
135 135
103 109
78 111
136 138
111 136
71 138
165 164
208 106
75 174
110 137
107 139
109 111
169 138
78 107
108 104
133 131
166 99
80 75
133 105
110 77
107 101
140 105
102 78
79 109
100 107
133 75
106 101
175 136
100 105
106 166
133 136
111 103
109 71
102 137
171 136
171 103
139 134
131 110
109 112
106 101
208 47
208 208
136 136
101 106
103 76
77 168
171 104
108 109
137 135
105 104
107 134
131 109
107 171
136 76
133 133
78 110
104 80
208 108
104 109
172 136
107 104
78 133
111 110
208 134
142 134
208 107
143 108
142 132
107 139
109 136
101 111
79 143
112 103
105 208
107 107
108 107
76 140
142 139
76 108
107 131
110 105
109 72
109 133
104 100
169 136
73 104
103 131
70 170
101 79
208 143
38 36
109 77
108 104
138 105
46 141
141 78
110 131
77 141
74 74
133 136
107 208
133 105
102 110
135 112
78 78
133 109
111 106
136 133
208 167
132 77
99 100
132 109
108 110
208 131
104 107
107 135
104 108
111 135
76 75
71 39
108 102
75 110
105 101
172 107
107 105
135 73
74 107
72 76
46 109
208 172
103 106
70 107
106 105
72 102
208 138
67 77
141 78
176 138
136 132
78 132
71 45
137 111
133 75
78 137
143 134
132 139
110 105
142 132
165 166
103 101
100 141
103 108
103 79
208 140
167 165
104 108
103 143
131 108
112 107
104 74
176 173
175 43
78 134
138 104
107 104
136 135
106 107
131 105
111 106
132 136
77 135
132 105
102 108
135 72
111 107
105 137
101 111
171 106
103 101
106 107
112 133
137 102
132 131
110 78
138 107
111 137
104 131
79 71
138 105
134 133
135 141
104 76
140 105
71 78
101 105
138 104
111 142
208 134
72 138
103 136
143 102
142 171
109 104
173 103
111 108
73 75
109 103
109 139
133 73
135 105
133 105
143 108
109 76
100 106
111 78
208 134
80 79
208 173
107 78
105 107
104 132
142 107
77 135
74 133
132 105
78 171
109 108
104 132
109 108
109 99
103 138
75 103
208 108
109 133
111 108
109 105
140 103
79 137
135 110
109 103
77 103
77 100
107 79
102 143
75 135
101 134
110 135
135 131
44 0
172 143
133 77
171 72
75 101
104 138
79 133
102 103
169 110
132 132
106 75
108 68
132 104
135 108
132 105
175 77
137 103
133 74
111 110
132 107
173 136
109 131
107 108
136 67
175 165
78 111
101 107
110 109
110 109
106 106
138 109
72 167
208 69
105 101
104 109
132 76
172 106
143 171
109 131
74 107
133 135
174 101
105 174
106 103
134 108
133 132
104 106
132 101
208 107
104 170
138 134
103 79
42 104
104 133
76 109
105 135
134 106
110 107
133 43
104 80
101 109
78 134
133 143
208 132
169 101
140 166
79 76
132 107
100 109
108 208
110 134
111 133
106 132
208 165
105 74
107 73
44 143
104 110
208 172
132 106
165 80
108 105
143 105
134 104
208 74
171 100
173 111
171 140
108 132
137 109
106 135
102 77
79 163
104 108
104 108
136 103
135 107
110 108
105 133
166 111
108 132
135 136
134 108
135 111
77 132
101 170
111 110
135 104
70 139
108 111
171 107
108 107
111 99
108 107
101 71
102 77
164 70
103 106
76 79
172 79
105 101
172 168
167 111
76 104
110 78
133 103
108 106
111 208
110 107
139 106
173 171
77 137
138 103
102 166
106 166
135 101
79 109
131 47
77 73
109 105
107 106
71 106
140 164
110 133
78 74
110 111
139 133
112 106
78 75
109 102
174 111
175 106
100 133
141 100
132 105
110 101
73 107
108 104
108 106
138 133
101 208
176 110
133 111
107 132
109 140
110 80
134 108
110 76
107 106
110 105
111 109
135 135
103 110
134 46
71 134
133 134
165 76
43 103
107 170
107 135
76 106
104 105
76 132
135 108
108 104
102 108
208 70
109 104
176 169
101 70
174 106
76 100
110 69
208 104
168 132
135 135
132 108
163 105
134 102
132 107
135 109
105 133
132 103
102 107
208 106
140 36
102 107
136 101
74 163
106 77
138 132
0 109
102 109
107 132
105 134
134 108
104 105
139 208
106 109
131 107
170 133
107 142
105 79
134 75
107 135
139 48
100 79
106 111
103 104
137 99
102 131
75 110
103 107
104 43
105 107
208 103
140 107
79 107
109 135
78 105
132 106
109 135
140 170
135 107
138 46
101 110
134 108
72 167
110 133
131 108
142 166
78 105
109 133
76 108
105 108
141 79
132 76
135 139
107 104
102 108
108 133
105 136
104 110
44 46
105 105
173 167
110 175
171 208
106 112
112 72
75 137
134 137
135 109
78 133
104 164
132 108
106 74
136 79
141 78
106 133
109 72
142 46
171 138
133 101
176 168
109 106
166 165
103 141
79 135
174 136
104 134
132 107
172 79
110 135
140 102
101 109
167 140
208 78
170 102
135 133
44 140
110 109
107 105
110 79
132 109
108 141
110 108
208 111
74 111
168 165
165 73
104 134
132 103
108 134
134 106
79 138
135 208
109 139
174 134
172 109
109 135
175 103
134 108
76 75
76 142
76 134
134 106
107 107
138 47
79 111
208 208
110 107
112 107
0 105
141 108
107 138
105 135
76 105
132 69
133 109
131 110
108 105
134 164
136 132
133 70
174 112
140 69
108 46
137 106
108 136
79 107
133 109
104 136
104 142
111 107
135 106
133 107
102 134
106 107
75 134
106 173
109 141
208 139
171 134
104 67
105 139
137 104
208 47
102 71
110 99
134 105
110 104
132 132
131 134
208 112
105 110
208 48
168 168
132 132
105 133
76 76
102 71
208 166
74 75
69 105
72 133
141 110
166 109
78 105
105 103
136 78
106 166
171 132
142 170
110 140
133 132
104 141
133 132
79 109
173 107
108 112
208 135
110 110
109 136
103 107
76 106
72 79
110 136
134 108
75 75
136 76
104 108
172 105
174 136
132 143
106 80
80 109
164 106
134 132
101 110
72 168
109 109
104 134
104 109
47 140
107 135
69 78
104 134
137 103
110 110
109 134
103 172
107 132
106 78
174 170
102 108
107 108
136 133
138 208
110 109
100 140
140 138
104 102
134 107
208 106
107 106
109 108
104 80
139 138
139 133
208 110
172 70
163 103
142 111
108 74
76 75
43 135
172 208
44 208
144 133
111 111
110 110
133 110
106 109
105 72
107 77
135 109
43 172
141 107
105 165
134 103
104 104
80 135
106 133
135 111
110 133
103 109
107 133
163 138
106 100
77 107
136 106
111 137
108 101
102 105
137 137
45 106
107 100
43 143
208 106
78 111
208 107
80 105
112 132
70 143
79 112
133 136
112 111
100 106
101 109
171 101
110 108
165 133
108 105
208 79
109 136
104 133
80 101
134 109
109 105
109 109
79 47
134 105
111 109
136 132
109 104
74 112
111 110
101 136
138 107
175 76
133 99
80 135
134 110
78 132
108 107
46 111
108 109
79 106
169 78
75 109
108 79
137 136
108 134
101 110
132 134
110 106
110 104
108 165
141 79
106 108
107 138
111 131
102 107
134 107
133 103
103 132
170 141
106 104
108 106
110 106
208 164
104 103
138 107
106 104
107 108
111 100
79 105
105 137
132 103
134 138
175 78
137 102
77 109
169 134
132 107
106 105
139 143
44 208
131 105
131 109
174 110
105 108
77 111
110 105
107 133
132 138
131 106
174 133
131 164
208 0
142 208
109 132
47 135
105 79
208 37
142 163
132 106
103 75
72 76
78 45
106 107
135 73
134 143
72 166
134 106
70 75
106 100
108 136
79 109
110 134
44 110
135 79
108 106
78 107
132 109
110 36
172 139
139 135
133 107
133 136
142 107
108 103
107 109
100 75
103 105
100 69
169 112
106 107
109 107
80 110
111 106
172 107
208 105
104 208
76 76
106 72
208 72
42 108
77 112
101 138
164 73
103 138
135 104
79 75
141 134
208 140
77 170
131 136
77 103
134 137
134 106
142 108
111 107
100 142
78 106
208 133
171 75
112 46
78 106
138 165
109 105
78 107
143 136
136 102
142 101
77 111
139 103
112 142
142 107
133 71
131 109
208 104
103 132
43 137
108 107
77 104
78 141
103 109
175 108
105 76
110 105
139 134
76 136
142 105
138 175
76 78
208 110
174 132
208 47
100 105
106 104
208 170
105 134
107 132
107 131
107 110
136 136
76 109
105 80
132 137
74 75
208 73
174 103
107 100
110 168
132 165
169 132
77 133
106 100
79 79
107 131
139 108
208 168
133 108
138 78
110 134
174 136
208 106
135 137
111 101
135 78
106 75
173 104
135 105
138 131
76 106
208 133
132 134
108 132
137 173
134 134
102 78
76 107
111 135
104 134
134 79
133 75
131 104
112 43
103 134
101 107
108 109
109 106
109 135
135 110
100 140
143 105
0 208
136 208
77 105
102 77
172 107
137 166
136 110
171 105
142 45
108 106
70 137
109 104
105 101
111 132
101 133
105 111
111 164
132 138
111 110
77 131
77 107
108 131
132 169
108 132
132 131
109 169
175 108
208 78
104 136
175 111
104 131
80 168
135 43
0 208
111 103
102 110
174 104
137 133
80 104
140 111
136 110
112 107
104 137
135 106
136 111
131 79
138 167
108 101
75 105
135 166
164 105
131 136
78 77
108 135
0 208
143 102
131 111
132 111
112 138
105 137
104 136
47 108
107 165
76 170
208 47
73 134
106 107
104 166
133 134
111 165
107 135
79 133
109 102
108 102
208 47
208 102
165 107
77 138
73 133
137 164
136 134
107 134
168 107
107 67
107 102
102 106
103 133
133 107
166 71
75 107
108 138
107 135
105 100
110 112
208 102
109 107
111 135
102 73
134 103
38 110
133 132
75 99
109 106
78 103
133 102
107 135
109 109
139 105
131 109
46 74
109 105
100 135
105 137
208 45
104 108
132 73
103 76
107 135
108 133
105 108
171 136
104 107
109 111
208 167
107 107
107 105
106 110
70 208
76 139
41 208
80 133
174 174
111 103
144 67
110 107
76 166
137 133
169 110
106 135
136 134
108 107
134 176
105 78
138 45
44 169
131 132
110 106
80 73
75 135
141 144
138 105
174 104
79 102
111 110
101 166
99 136
111 106
111 111
105 79
131 136
108 133
77 170
103 108
108 108
133 105
100 135
132 76
79 108
77 106
133 104
131 133
170 110
135 101
108 136
99 135
102 46
168 101
134 100
109 76
107 133
109 138
46 168
106 106
108 138
104 132
100 78
111 105
173 108
110 139
107 105
133 142
105 103
131 171
108 108
141 133
103 77
134 104
105 136
100 76
142 136
103 136
100 133
70 100
79 44
109 137
174 75
75 132
136 137
208 111
132 101
133 107
104 105
105 134
107 76
169 107
144 139
136 109
101 142
110 134
103 105
169 112
111 135
133 107
105 106
102 169
73 105
132 76
111 79
133 166
139 139
133 132
131 134
136 132
135 105
138 141
105 135
101 108
108 106
170 101
42 75
133 139
104 135
46 141
77 109
107 133
77 137
106 135
101 100
110 137
70 106
111 70
102 109
107 108
134 105
78 109
170 139
100 131
208 208
175 111
102 132
72 131
103 132
37 108
208 208
208 174
106 110
109 108
172 140
135 77
131 105
102 79
107 106
137 74
135 134
134 168
109 78
137 105
142 143
175 136
105 107
170 79
172 171
75 167
77 104
71 133
111 135
134 80
137 107
102 80
78 134
165 170
171 133
107 100
135 137
111 105
107 104
103 141
77 168
79 104
108 104
100 77
45 40
41 103
137 77
137 79
136 110
131 136
39 208
170 109
109 100
78 139
75 102
109 108
74 134
132 105
132 105
71 138
76 108
110 132
102 136
109 107
133 107
208 142
172 168
106 108
109 108
111 102
104 208
106 104
107 107
133 208
111 76
104 133
75 108
104 163
109 106
134 133
169 165
109 134
132 103
111 174
102 45
102 48
105 80
75 140
172 103
133 108
72 111
142 75
105 72
105 134
106 108
208 74
103 106
108 103
105 138
134 74
136 108
138 110
132 139
103 77
104 106
109 107
208 111
104 134
99 109
101 141
137 106
132 137
101 107
111 170
109 108
167 135
110 79
107 133
104 135
110 79
71 133
133 172
80 103
173 131
133 167
78 132
108 102
109 109
106 80
169 138
165 104
111 78
99 139
174 132
47 168
106 103
105 39
108 169
133 102
107 134
136 134
105 107
109 104
107 111
134 109
103 142
76 111
111 106
103 133
139 110
109 109
136 106
174 43
138 69
170 137
103 137
70 106
106 107
107 108
110 107
103 42
106 169
133 41
77 77
135 111
133 110
41 74
75 75
103 132
133 102
107 79
142 105
109 138
110 110
77 70
76 79
77 132
78 110
109 78
106 104
133 136
167 169
100 106
138 77
137 106
175 111
76 133
102 103
74 175
107 78
141 102
112 140
107 139
208 68
110 79
112 143
75 167
108 107
74 103
111 132
78 133
112 139
138 170
135 102
107 144
111 107
109 80
103 103
208 136
110 104
79 135
100 136
139 139
174 167
106 108
208 101
133 110
174 140
164 137
135 46
109 134
79 109
165 101
168 110
46 106
134 104
106 137
208 132
110 108
137 108
111 108
104 77
109 107
110 45
106 134
106 80
174 112
78 169
105 111
71 109
108 79
75 100
137 171
135 108
108 133
140 101
79 102
108 111
169 169
112 131
139 138
138 140
104 106
106 134
111 104
110 108
139 168
101 103
107 138
107 139
104 136
107 72
136 72
110 109
106 102
101 110
142 102
100 137
102 104
107 131
208 109
109 135
133 111
75 106
135 108
133 135
111 78
109 141
105 132
137 138
42 208
105 133
111 132
101 102
140 141
78 75
78 138
79 100
105 108
99 110
43 112
169 108
104 108
107 105
109 169
79 140
139 132
105 134
136 106
137 107
167 103
131 104
132 80
134 136
139 134
166 104
132 140
104 68
101 132
174 140
108 105
131 76
134 137
111 104
107 107
77 137
133 166
105 110
108 75
76 47
70 135
136 134
111 104
76 76
76 103
133 132
105 108
104 106
72 106
76 171
71 73
107 139
208 73
106 106
106 163
208 137
104 111
132 104
106 132
106 109
208 103
106 134
173 138
79 110
136 79
105 101
106 101
134 79
103 109
71 135
134 106
208 69
110 105
140 133
74 133
133 109
100 107
78 106
141 134
74 111
101 136
109 167
111 104
107 77
101 107
76 106
108 74
106 108
71 167
141 80
112 106
100 108
134 131
109 75
109 109
168 172
169 107
140 108
108 132
103 105
165 105
78 76
107 133
106 169
136 135
110 112
111 131
100 77
173 108
141 70
172 106
78 105
106 109
103 136
100 112
111 109
108 171
79 131
103 133
78 136
106 109
103 45
79 103
109 101
74 141
105 103
133 138
75 105
100 135
109 102
77 104
75 134
131 132
165 110
104 110
138 107
79 165
110 141
109 137
108 102
41 208
100 132
208 107
106 76
138 137
101 104
136 132
133 79
111 105
71 135
111 109
131 132
208 104
136 133
101 100
132 107
143 138
108 140
173 103
75 109
106 106
109 107
135 138
111 111
102 80
143 133
103 208
109 141
107 102
142 133
136 109
106 142
140 139
138 71
105 111
133 105
142 109
112 103
208 133
77 139
133 133
134 71
107 45
173 105
80 103
79 105
107 105
137 105
135 107
208 47
133 172
139 109
132 137
136 132
72 109
100 134
78 105
140 111
76 135
164 108
45 165
102 111
174 110
70 111
166 208
112 104
103 140
111 112
107 109
171 74
138 108
136 99
110 135
105 109
79 139
208 101
134 103
75 72
137 108
110 110
110 103
110 133
111 134
138 133
109 139
108 134
143 107
108 135
111 108
208 110
72 78
103 165
172 40
110 134
110 110
109 107
163 111
43 110
78 109
169 75
109 80
102 100
165 169
208 208
109 133
110 109
132 105
136 133
79 109
100 77
107 79
75 135
137 169
105 135
99 109
135 105
171 104
109 134
172 78
78 74
168 172
112 135
108 79
111 103
172 109
110 106
106 103
80 77
111 131
78 100
68 104
78 78
108 109
173 168
78 134
111 133
105 165
102 133
76 139
107 106
133 166
101 77
102 109
136 134
105 76
107 135
79 73
80 107
38 68
101 102
173 106
46 75
173 77
108 109
141 170
76 104
79 112
107 107
101 76
169 74
102 100
133 111
78 107
168 103
106 137
110 105
74 105
80 106
111 107
78 77
109 80
134 106
71 103
136 109
140 137
104 42
105 164
140 109
106 110
169 138
135 167
101 136
42 208
208 75
72 138
105 74
107 137
131 48
107 134
101 75
105 136
102 78
138 78
208 132
78 108
100 103
135 104
132 112
138 76
101 138
208 169
173 75
104 167
109 103
166 208
208 171
103 110
106 131
111 106
104 104
108 107
111 108
132 110
73 109
105 74
111 134
110 131
103 108
44 107
134 107
170 108
134 105
79 106
104 168
132 78
110 110
99 77
208 136
107 106
106 111
135 107
139 100
80 136
112 107
108 110
172 134
77 111
141 103
109 45
107 106
75 71
76 136
108 107
73 102
101 108
176 77
107 80
112 102
101 106
75 40
103 167
132 107
106 108
108 107
80 110
104 134
132 108
141 108
108 132
105 139
111 101
111 108
109 166
174 112
131 140
104 102
138 143
135 168
103 137
134 112
101 111
79 168
103 164
131 107
80 74
134 79
108 110
78 135
109 100
106 136
132 105
106 77
106 108
132 136
134 137
108 74
79 73
106 108
102 102
131 105
107 80
110 134
109 104
138 100
107 109
76 100
38 77
109 111
167 108
107 166
107 109
73 142
170 74
133 77
107 106
134 108
105 80
108 141
109 44
80 111
108 132
136 72
73 208
134 110
136 76
75 74
106 108
105 104
136 106
108 137
168 78
79 138
112 107
80 108
43 107
77 108
109 112
133 107
77 71
110 108
104 133
103 166
111 74
108 77
110 133
109 138
79 134
43 136
108 105
110 133
73 77
103 164
103 111
110 143
75 110
131 78
74 110
75 132
106 165
208 170
100 112
208 80
172 132
139 68
138 106
139 80
102 139
174 109
110 104
67 134
108 133
76 139
135 105
108 102
176 137
134 106
208 71
109 112
42 208
131 137
105 111
103 133
111 134
109 76
170 110
109 105
103 73
131 108
107 174
141 78
172 108
102 110
175 108
166 132
166 169
133 107
105 105
105 133
135 103
106 78
108 105
0 78
136 68
135 80
133 106
103 110
103 138
139 171
107 104
133 167
109 135
108 131
133 140
109 106
77 137
137 72
208 208
132 79
101 80
208 72
208 105
77 100
41 208
111 133
111 72
46 108
100 77
79 109
45 166
105 109
99 101
135 108
137 139
165 112
137 107
132 102
105 108
138 78
106 101
137 133
111 133
104 133
174 133
132 175
76 111
138 135
104 133
43 41
174 171
110 111
109 112
132 135
75 76
133 135
110 104
208 75
110 111
108 104
111 106
101 133
110 70
108 106
134 108
74 103
104 108
46 100
174 135
106 106
131 101
104 110
75 102
79 131
108 108
173 106
112 107
75 141
133 138
112 134
106 138
138 80
102 134
133 167
78 102
133 103
171 111
102 99
107 78
109 107
175 110
78 134
110 135
101 102
143 174
132 102
110 170
134 105
106 108
136 77
109 132
108 107
132 78
208 139
110 132
107 133
134 109
104 137
110 73
102 140
137 101
105 108
107 136
106 77
137 71
48 77
164 106
103 109
172 169
79 80
136 137
109 99
111 133
169 78
132 135
208 106
80 164
133 111
105 72
103 73
169 134
107 108
111 106
74 0
106 111
105 108
208 175
80 111
139 111
137 102
107 107
100 100
103 108
164 112
44 138
100 106
172 168
101 164
133 106
138 208
133 135
79 171
132 134
133 131
136 108
132 108
208 108
110 111
76 137
108 72
137 138
101 101
101 105
131 104
107 135
111 109
106 76
79 109
108 101
163 69
78 165
99 112
171 164
134 106
78 105
173 106
104 138
133 109
101 134
101 109
106 133
132 105
134 105
108 80
131 106
132 134
134 134
175 0
109 137
101 167
108 175
70 141
109 109
137 135
138 105
79 137
108 132
136 107
108 105
104 105
208 72
141 105
135 134
79 137
135 108
142 73
139 74
79 103
132 106
74 208
108 105
132 138
79 100
109 99
133 104
136 139
80 101
111 136
100 138
104 135
107 0
208 110
108 133
42 108
132 46
107 208
132 75
164 138
104 135
133 105
111 131
109 108
139 167
139 76
104 102
109 136
166 111
103 136
136 138
134 108
105 102
133 108
104 133
101 171
139 167
175 109
106 47
79 108
108 132
108 102
77 109
109 134
140 140
103 133
106 107
133 108
72 208
110 131
172 110
132 108
74 171
111 103
105 137
105 108
134 108
111 133
75 68
111 108
110 105
109 77
132 74
173 108
134 172
137 106
47 108
76 102
112 79
78 101
139 40
111 106
164 135
139 110
108 135
208 77
136 133
165 108
103 104
107 101
108 76
208 78
79 131
47 140
105 107
136 173
133 103
140 108
208 73
131 108
77 136
105 131
140 79
132 80
101 108
104 109
108 141
132 79
106 79
174 165
170 175
109 46
69 105
103 111
109 208
77 136
169 104
109 132
79 141
136 106
47 69
108 102
168 102
134 105
111 111
174 111
140 79
107 110
75 102
104 131
73 106
43 110
102 169
103 107
109 105
165 110
144 144
172 72
75 110
170 78
102 73
133 69
110 105
73 135
132 79
133 105
77 106
110 111
73 167
102 99
107 111
137 79
174 138
137 107
143 140
102 111
104 102
138 101
107 132
75 134
78 134
103 103
103 141
101 131
109 110
76 141
208 108
103 100
208 139
104 107
135 134
208 108
110 103
208 208
170 208
110 106
76 103
102 102
112 133
133 208
107 138
102 143
133 111
100 108
168 108
107 134
78 171
68 75
74 77
103 168
104 133
134 77
76 75
105 108
110 133
136 135
134 78
133 106
101 111
105 208
109 106
111 110
111 74
135 106
47 133
168 165
132 111
171 108
132 68
106 103
112 110
133 208
141 108
139 100
169 133
136 132
103 164
100 134
78 78
174 77
135 109
69 105
108 71
68 74
166 135
101 139
78 75
105 76
103 105
140 74
111 109
100 101
136 135
138 76
174 102
137 104
208 133
132 46
132 109
75 134
103 69
76 111
165 74
106 138
133 112
132 108
138 105
74 174
208 135
111 112
80 111
78 74
208 175
135 137
102 137
136 78
105 109
112 140
173 136
103 142
75 72
109 107
102 164
131 48
106 108
133 134
134 138
107 107
77 46
141 110
112 108
110 106
105 101
103 105
174 77
70 79
100 106
138 131
134 104
78 133
104 76
107 134
208 78
78 106
104 106
172 101
110 109
110 133
106 109
133 73
109 110
107 80
110 111
135 80
43 138
104 136
106 134
105 103
108 80
110 79
108 99
46 110
170 75
104 108
109 107
74 100
134 136
110 108
42 133
108 107
104 136
112 111
107 77
208 104
106 75
103 104
134 107
106 169
106 100
0 109
110 104
104 137
106 107
132 102
111 137
105 111
76 208
134 109
133 107
208 108
72 110
111 132
132 71
138 143
70 108
164 134
208 0
208 75
103 102
78 138
104 78
208 74
100 107
110 135
103 134
112 107
111 132
79 134
73 75
106 109
103 111
77 133
76 102
77 103
71 134
104 163
133 107
107 141
140 107
41 77
131 134
70 134
208 47
106 133
137 140
105 107
100 165
73 168
169 111
104 133
133 140
78 107
111 105
133 111
171 132
107 135
110 139
105 134
77 108
136 78
208 110
109 136
110 108
103 136
104 107
105 104
133 77
99 137
173 164
135 47
111 105
131 104
99 79
77 108
107 111
138 132
135 132
109 140
111 105
136 109
110 111
168 138
132 132
103 77
103 134
106 134
108 133
111 78
134 100
100 101
75 174
208 107
208 166
105 133
101 72
77 134
107 135
47 173
141 171
133 111
79 134
108 107
100 102
105 80
107 71
108 104
103 107
78 77
112 132
110 78
102 132
106 107
112 77
103 136
132 135
110 110
71 71
164 107
103 109
109 135
110 76
137 109
111 108
109 108
106 109
105 108
111 134
110 137
112 103
173 142
103 143
170 132
44 112
208 76
80 136
78 138
140 99
102 131
38 208
131 132
79 134
133 137
141 208
176 167
47 105
107 140
76 99
106 106
165 103
143 103
106 79
100 132
168 131
72 71
108 102
163 171
102 104
208 75
109 45
102 107
78 78
167 208
79 108
75 136
163 133
103 137
131 107
75 101
208 208
133 132
108 134
132 108
132 75
135 106
136 74
133 110
109 100
110 110
175 208
109 108
208 100
137 163
106 172
107 137
139 174
74 108
170 110
138 170
107 104
79 131
109 79
133 104
170 134
103 104
132 108
104 108
167 137
134 141
133 105
105 137
74 136
79 107
100 72
105 111
103 104
133 131
133 108
105 77
111 107
132 108
106 105
111 111
107 133
133 106
134 143
133 134
75 208
106 135
76 77
100 102
131 67
109 133
77 69
72 139
132 107
70 40
106 105
107 106
111 103
79 111
108 110
165 77
111 138
135 110
106 111
132 76
110 109
105 101
134 104
79 70
102 137
105 137
78 134
143 140
208 104
104 168
169 47
137 109
208 75
106 111
103 170
132 166
70 75
136 109
77 109
104 165
142 69
131 133
167 132
107 133
109 108
131 110
105 131
109 100
104 141
106 133
131 110
109 100
107 110
133 134
135 108
208 131
132 110
134 106
139 107
0 107
134 102
131 106
108 106
110 110
111 137
135 138
143 103
133 108
77 104
109 134
172 208
105 107
133 110
71 134
0 106
133 109
174 105
79 78
101 138
176 131
132 104
100 133
131 109
208 108
74 139
133 106
105 76
46 142
102 137
208 100
208 71
112 106
133 69
132 110
106 132
208 135
135 110
111 111
112 133
208 133
108 134
73 107
109 106
208 137
77 99
133 132
107 69
103 163
133 138
108 76
105 106
169 109
107 103
164 135
133 106
100 137
109 104
134 133
77 134
173 137
72 101
105 109
140 101
133 136
169 100
137 111
105 111
133 133
134 101
135 111
73 164
135 70
110 109
100 103
99 140
112 111
107 163
134 108
139 170
111 164
208 132
106 112
105 103
106 110
76 171
208 208
105 108
47 109
72 77
103 110
171 76
37 109
109 79
102 105
101 133
134 108
77 106
76 131
173 101
76 138
109 107
108 134
174 80
143 141
168 134
101 107
79 141
133 102
110 102
102 133
101 167
106 105
136 132
208 74
136 143
109 109
103 109
75 134
109 106
99 136
106 76
78 79
72 132
75 71
171 73
138 110
135 131
174 44
141 208
136 72
75 104
165 164
108 110
103 109
72 133
132 76
75 107
106 141
173 111
109 132
136 107
175 71
76 108
79 109
106 80
138 136
134 104
76 138
101 104
110 133
111 110
208 107
168 103
135 171
47 104
99 134
176 78
104 132
110 102
108 72
107 78
106 131
76 136
42 208
79 102
102 110
136 168
103 105
109 108
104 139
139 136
105 132
108 103
174 208
108 104
110 77
47 77
46 107
102 135
102 133
107 134
77 134
132 133
175 71
170 105
136 208
108 134
208 166
111 135
133 110
102 107
143 142
165 106
108 104
103 74
109 105
107 170
106 105
109 100
175 133
112 102
78 174
109 133
131 106
108 108
135 104
137 109
105 138
109 133
77 101
174 109
105 80
132 132
140 136
110 108
132 109
80 167
106 77
170 102
135 75
134 142
108 111
138 107
208 108
69 108
133 78
106 108
110 100
136 106
141 133
136 110
105 111
132 172
106 110
104 105
77 77
137 106
46 79
166 133
134 104
208 103
106 102
106 138
46 134
136 135
108 135
101 168
136 137
111 112
108 109
109 105
167 110
105 132
208 168
140 135
167 133
104 141
111 109
79 101
108 137
174 106
171 135
106 167
135 73
172 106
112 105
108 132
107 133
106 132
77 138
136 104
208 133
168 136
141 208
75 108
135 102
175 45
139 80
108 136
137 169
105 133
132 138
172 42
76 100
109 108
78 106
208 103
111 138
141 138
111 111
107 108
103 110
104 133
107 107
131 107
75 165
77 111
99 74
79 75
74 208
136 108
141 99
110 101
67 171
109 133
170 106
110 112
208 107
102 107
75 105
104 137
77 208
106 109
79 105
133 109
105 104
108 138
108 110
107 110
111 108
141 208
102 108
106 105
131 106
45 208
109 131
174 103
104 101
133 106
100 105
109 111
139 169
112 108
107 108
208 78
104 170
111 107
102 106
105 105
132 111
135 105
110 106
106 105
139 135
78 79
78 107
104 106
111 132
106 135
105 80
75 73
131 107
132 104
133 137
106 102
70 166
168 78
107 110
111 105
175 131
111 110
77 165
175 132
106 48
103 107
170 112
132 75
107 101
110 109
106 139
172 135
108 106
109 103
140 109
106 133
109 72
103 110
110 105
132 48
112 79
109 208
138 77
111 107
46 105
109 133
107 110
139 104
76 132
101 139
169 102
77 137
109 103
79 105
133 132
103 107
79 78
105 111
106 167
105 137
131 108
136 107
102 134
77 77
133 134
140 112
111 135
112 107
108 102
134 108
78 138
172 77
110 134
138 79
108 110
71 71
76 110
101 165
136 106
133 71
106 110
103 111
100 101
134 43
79 136
106 79
104 109
135 136
132 135
111 76
101 133
173 106
135 133
168 108
110 136
77 138
104 138
108 111
134 105
131 107
132 109
131 109
101 73
104 77
133 135
72 167
103 135
103 106
69 139
138 172
105 103
208 104
77 132
78 134
142 45
104 104
109 72
141 134
109 105
169 103
100 131
107 131
208 141
173 167
106 136
164 103
106 107
108 107
166 107
143 105
106 104
108 106
110 136
103 75
76 110
135 109
174 78
133 136
110 80
74 137
131 135
110 101
169 106
208 106
106 136
135 102
111 107
110 140
135 107
166 72
137 78
106 110
104 105
111 131
108 104
109 138
111 107
78 47
132 102
103 110
106 167
164 170
76 106
169 105
174 110
132 77
111 106
77 108
134 47
133 100
106 133
78 131
174 167
110 72
208 109
132 106
76 79
111 132
106 105
208 80
78 111
104 109
166 103
79 111
111 108
111 136
110 108
140 48
133 77
110 110
136 208
141 133
78 133
105 107
169 105
78 106
109 106
132 133
133 112
74 72
104 136
132 108
143 73
79 132
133 166
100 104
108 105
75 168
208 111
72 109
79 110
132 74
132 106
112 110
106 137
164 102
104 74
71 135
131 73
72 102
140 109
106 137
132 110
208 105
208 78
134 80
75 142
103 108
106 79
208 164
166 169
174 111
173 137
77 74
111 139
111 102
101 134
135 106
106 134
135 112
100 111
76 171
164 107
112 105
106 67
106 137
208 104
169 108
101 136
107 109
105 70
173 132
107 137
73 135
105 170
74 110
106 75
76 99
102 136
76 131
103 144
131 110
101 139
110 107
134 110
131 103
175 137
103 166
107 107
133 105
139 76
111 100
109 80
110 133
138 103
110 109
43 38
76 137
132 107
110 78
74 109
135 44
79 70
108 137
167 111
109 134
74 70
208 75
79 132
105 110
105 106
134 138
71 107
132 111
75 107
74 142
171 167
109 139
40 46
141 102
208 168
208 80
111 138
132 136
0 110
106 105
174 134
77 134
208 133
131 136
135 73
107 105
102 47
175 71
102 73
168 173
134 135
109 135
108 108
76 107
111 108
175 107
104 79
46 100
132 111
102 134
173 105
105 133
208 108
76 105
105 111
131 104
139 103
137 138
111 136
137 110
208 143
110 107
78 77
170 71
139 140
75 106
110 75
109 109
78 111
133 110
132 139
136 135
137 166
208 106
99 165
136 131
47 107
137 138
131 134
138 106
133 133
171 77
132 68
111 111
176 132
139 165
72 39
111 111
131 105
137 133
176 137
107 139
108 103
132 75
109 105
141 106
111 112
133 135
102 77
106 76
106 107
135 101
79 165
107 133
75 103
136 104
170 138
100 111
77 133
110 111
134 131
138 102
76 138
139 112
132 138
111 133
107 103
138 133
143 105
144 107
135 108
172 111
79 102
104 73
133 109
135 73
110 136
101 110
108 109
175 79
111 107
108 135
175 104
171 102
103 103
103 74
166 47
163 132
110 110
135 133
48 106
137 104
142 107
135 132
108 108
42 112
108 109
137 43
107 142
105 106
168 77
102 109
139 74
76 109
134 111
164 133
167 132
105 132
131 108
112 78
105 106
72 106
107 108
110 46
111 132
110 73
208 171
131 107
102 108
134 104
76 108
175 75
136 105
110 109
132 105
138 107
108 72
106 109
78 102
143 137
76 80
109 106
140 138
133 105
108 111
134 109
73 70
79 133
106 137
74 104
101 106
106 108
105 99
133 137
108 111
134 173
108 101
109 135
132 134
208 166
109 133
109 105
110 75
208 107
78 74
106 106
103 135
103 106
172 41
102 104
112 108
45 74
106 107
170 171
106 140
110 108
133 106
78 108
110 71
103 173
101 133
109 105
168 135
165 46
166 136
169 110
139 208
168 105
137 136
110 132
79 74
79 109
71 133
108 110
108 136
110 112
106 132
104 111
104 70
101 111
110 132
133 111
78 168
109 104
134 109
103 100
100 112
105 102
168 169
135 101
108 132
131 80
79 176
104 106
137 109
108 111
134 103
141 133
106 165
100 78
175 76
140 137
106 104
131 143
76 110
111 138
163 109
109 106
106 101
100 106
167 208
109 134
102 102
138 76
138 168
134 109
137 171
69 173
208 75
133 109
133 71
79 131
102 105
108 100
111 134
132 104
108 135
170 104
170 46
138 131
72 135
134 134
137 105
104 102
77 77
109 110
108 106
107 77
107 108
136 101
75 133
132 78
109 103
208 208
109 73
79 108
110 103
167 138
106 132
139 134
136 134
42 135
140 132
107 76
111 75
105 139
136 67
137 106
105 143
109 131
103 108
175 104
40 69
135 104
47 45
78 109
134 101
169 103
134 107
175 166
100 47
106 107
107 107
132 100
133 105
109 111
110 165
165 111
137 134
107 79
111 137
107 135
70 73
80 75
105 104
135 168
167 174
165 208
108 109
135 110
137 169
75 138
101 79
105 131
173 72
110 109
166 106
105 137
134 111
133 76
102 138
174 171
136 107
163 108
171 138
208 106
133 134
134 70
133 133
173 140
110 102
170 135
133 107
168 144
109 109
166 104
105 79
0 103
105 135
108 107
111 106
48 78
103 137
80 108
102 136
106 134
101 101
112 112
132 80
134 136
105 131
131 110
110 106
69 132
208 135
208 168
132 106
109 103
103 107
141 137
107 74
131 104
103 136
107 73
102 109
103 102
138 108
103 132
107 133
134 106
164 208
208 133
100 106
133 138
104 102
77 109
77 105
134 133
104 134
208 164
166 77
133 110
137 140
208 140
132 108
110 106
208 74
108 71
163 174
104 135
42 172
110 74
140 79
108 105
168 73
107 76
108 99
135 136
76 105
77 138
80 172
110 134
172 47
106 171
110 104
133 133
168 140
107 106
112 75
135 136
104 106
208 132
132 111
108 111
79 78
104 103
110 104
104 74
100 107
106 133
168 108
103 136
100 168
173 100
137 110
168 107
102 103
208 112
140 102
101 100
208 107
75 112
102 79
108 102
132 106
109 131
132 74
208 140
107 107
133 107
108 110
112 132
102 106
134 76
208 132
175 104
133 110
77 107
208 169
104 106
69 163
208 47
135 135
102 104
135 133
107 133
140 111
102 133
133 132
103 105
133 107
135 137
135 172
102 109
111 100
103 133
132 110
107 108
111 108
132 106
79 78
173 107
72 107
136 111
108 133
77 107
109 104
135 135
110 107
172 42
107 71
109 132
208 208
108 106
107 132
72 108
101 73
107 138
73 72
133 135
175 131
111 139
136 109
78 109
109 104
111 103
175 170
134 104
78 137
208 208
169 138
106 74
111 111
106 133
107 169
108 72
100 102
138 100
132 104
77 75
103 100
112 133
175 172
109 111
78 103
105 103
131 75
133 106
134 77
110 108
208 109
134 137
132 134
80 168
108 109
69 109
80 137
132 107
106 132
105 104
107 105
100 109
72 75
109 144
104 106
175 106
110 109
104 176
112 105
42 132
133 138
141 106
105 111
75 136
132 139
208 78
136 104
105 75
73 136
208 165
103 134
167 103
133 108
172 80
106 105
101 174
70 107
208 76
78 139
111 110
110 112
108 110
170 111
134 101
109 104
80 168
111 138
136 208
134 79
208 170
144 77
133 100
79 110
106 111
135 108
101 111
137 108
103 99
137 104
135 107
76 108
173 135
73 74
107 134
110 78
132 103
103 132
173 168
77 46
132 107
106 132
170 171
79 103
144 45
108 106
105 110
107 108
105 107
103 140
72 71
133 75
108 134
172 111
109 111
135 208
107 76
173 109
107 109
165 103
102 106
110 111
101 109
107 106
170 168
100 164
103 108
132 133
131 102
76 105
165 106
132 105
110 112
135 111
134 77
173 133
111 106
134 108
134 80
106 100
68 175
109 106
108 105
138 102
140 107
110 107
112 139
104 137
108 132
99 167
103 73
165 108
139 108
69 108
107 133
101 79
134 133
134 106
106 111
141 103
110 104
104 111
109 110
175 80
135 135
108 103
208 79
103 102
208 44
136 173
133 75
111 110
176 208
78 74
109 110
104 107
103 136
72 69
137 108
107 106
102 106
176 135
77 134
109 133
104 104
107 133
208 111
107 76
133 79
46 112
76 167
163 110
134 109
105 104
134 106
136 137
134 103
107 110
104 46
166 76
136 138
132 143
104 72
133 104
135 136
110 79
134 174
71 107
109 110
74 101
104 135
105 101
167 109
72 132
135 136
101 169
109 111
108 108
208 134
110 137
133 105
208 135
134 77
99 108
174 208
102 68
167 135
134 110
133 134
79 138
104 139
68 100
108 108
108 102
134 104
109 80
77 109
141 102
102 135
175 165
133 109
111 101
109 108
172 104
111 105
73 105
208 134
104 133
132 108
72 136
79 139
101 101
136 73
102 77
133 111
100 77
111 107
143 107
139 110
134 165
105 107
131 106
74 135
78 75
108 105
108 107
110 102
112 109
107 107
109 80
208 138
112 108
208 105
139 108
76 110
103 100
100 104
79 108
139 107
106 103
76 105
174 134
105 136
133 103
138 136
165 107
101 106
71 167
112 106
107 132
131 106
169 76
101 138
109 106
106 140
132 108
44 139
136 104
75 72
79 77
101 143
110 133
132 106
165 138
104 106
133 105
171 99
70 103
107 111
110 133
137 100
77 109
132 111
104 78
175 76
108 136
140 132
101 107
79 132
208 165
79 103
105 109
102 165
101 134
103 107
138 138
107 105
79 108
110 111
70 132
110 163
175 109
105 106
111 107
132 134
74 74
135 135
208 70
132 112
101 80
110 111
106 112
111 80
131 105
78 137
141 104
165 108
109 132
73 104
137 135
175 109
78 104
133 108
135 46
108 77
135 109
75 139
133 76
106 136
104 136
104 105
111 109
106 109
72 140
105 134
106 77
134 108
104 135
108 131
75 107
106 135
77 77
166 103
169 133
109 111
106 109
79 71
107 100
108 76
169 102
132 103
111 132
111 101
105 132
139 112
105 165
112 107
165 134
164 106
133 136
141 165
133 104
134 107
142 101
72 75
208 165
175 172
110 131
101 132
111 102
134 103
131 132
105 135
74 135
111 135
108 110
132 137
168 109
208 104
112 131
133 132
208 173
110 106
171 109
110 106
132 110
136 133
172 173
131 172
105 133
172 138
105 77
80 105
101 172
112 106
171 108
46 106
136 78
208 106
106 103
103 167
111 107
208 107
208 165
133 108
110 134
140 78
73 47
74 144
103 108
135 76
139 106
170 78
167 141
45 109
208 208
73 136
111 101
169 133
111 103
171 131
0 138
107 138
105 134
136 105
104 108
103 139
104 167
74 45
105 134
208 67
208 109
142 107
106 134
132 106
109 133
111 45
170 104
176 47
109 109
133 108
108 133
104 133
133 168
136 41
112 107
74 110
73 102
106 102
78 111
171 167
105 76
110 44
164 75
77 108
78 111
0 43
110 108
46 171
112 134
132 102
137 107
131 133
137 72
134 131
108 79
208 104
107 163
173 171
108 133
131 110
142 131
133 100
109 106
142 171
208 75
104 108
75 140
76 105
171 110
139 135
136 109
138 106
144 109
107 137
131 105
102 141
132 107
168 106
139 110
101 106
133 138
106 134
107 111
171 132
104 135
76 143
109 102
144 70
107 110
110 109
174 111
110 103
132 76
102 134
141 109
107 101
208 76
107 136
111 134
137 106
208 166
102 170
111 136
36 208
69 109
101 144
109 104
134 109
142 139
173 134
41 110
100 131
166 112
133 135
171 171
103 132
39 0
79 107
109 107
107 131
105 110
136 0
110 101
109 106
111 108
48 102
108 135
136 134
104 111
109 131
131 108
132 111
107 110
139 136
141 111
132 107
208 73
166 77
108 105
103 131
112 76
108 112
104 107
0 105
109 165
73 208
172 170
37 109
76 106
110 47
75 107
134 101
110 106
109 110
134 111
163 107
111 106
101 76
136 99
107 99
77 136
106 165
134 172
132 111
164 104
101 137
133 131
173 135
75 79
172 108
165 164
132 0
138 111
133 106
102 69
0 101
133 105
73 45
108 105
110 102
100 136
137 140
134 132
109 104
134 106
107 111
104 134
142 140
135 134
68 143
45 134
136 134
101 142
139 133
104 100
106 79
142 76
111 104
107 109
101 173
208 77
139 134
208 132
80 105
102 131
78 131
109 73
108 73
208 137
109 105
137 75
112 107
112 168
166 105
109 79
135 109
173 70
45 77
103 144
105 131
133 111
133 101
168 135
139 70
106 109
132 106
111 104
108 41
105 104
79 106
109 103
138 104
176 167
131 78
140 139
170 166
101 109
77 47
163 140
71 132
169 136
101 100
109 102
137 134
101 135
77 109
100 106
165 137
131 132
169 106
102 132
104 132
76 78
133 110
134 74
208 137
80 106
76 140
136 109
174 208
69 142
131 78
107 105
138 75
75 133
106 109
170 172
110 109
105 134
133 132
110 108
109 108
76 47
106 68
170 45
102 103
169 136
109 104
139 76
79 134
103 134
103 108
168 105
208 38
135 78
78 80
104 136
103 135
132 78
73 107
103 174
137 107
135 132
165 104
103 79
77 104
169 106
135 100
135 135
112 108
105 100
136 100
134 70
104 136
133 107
73 79
133 108
101 111
111 109
103 134
132 47
77 46
208 106
163 110
100 141
167 110
106 135
132 131
133 101
134 107
134 132
208 103
104 165
110 138
104 167
111 133
142 79
101 47
131 104
108 132
102 103
106 132
138 42
134 104
138 208
136 133
108 111
133 109
208 104
141 208
111 143
131 138
133 78
76 104
77 76
140 208
109 109
134 107
107 135
105 100
79 168
109 172
109 110
76 135
139 110
112 137
108 105
110 132
167 135
102 133
170 78
107 133
101 106
208 137
208 76
163 74
69 107
109 107
138 109
133 135
175 108
134 111
111 80
106 107
101 73
142 137
108 108
79 102
102 110
140 110
73 104
47 164
133 107
38 141
167 136
101 100
112 108
135 107
77 142
106 140
107 163
132 76
108 108
104 133
104 131
172 103
43 70
132 42
132 133
134 107
76 166
107 109
105 137
134 106
111 75
74 134
136 133
0 110
106 107
104 41
108 137
109 137
136 132
172 167
208 74
131 78
105 137
105 108
208 46
107 111
102 106
108 68
132 77
106 135
106 102
208 135
106 111
108 137
109 107
141 134
132 132
76 106
110 103
105 134
137 134
171 137
163 164
174 136
137 132
69 133
71 47
168 171
74 107
105 77
133 132
138 109
141 134
138 137
104 109
78 132
77 108
208 102
133 107
174 109
133 45
100 103
78 108
42 77
105 110
133 78
133 166
166 133
107 77
137 106
78 109
73 101
99 133
110 108
80 101
106 171
0 208
105 104
133 132
107 106
133 133
109 106
133 110
44 169
111 108
166 100
132 134
101 104
131 76
108 77
132 79
46 107
110 107
103 106
208 140
44 110
135 173
131 134
106 136
106 135
132 107
134 108
102 104
43 140
109 106
100 105
170 169
74 133
137 208
111 134
208 170
164 76
107 111
140 110
105 71
75 104
136 105
137 165
110 107
110 102
167 137
137 75
108 111
135 104
102 75
137 111
107 141
105 109
135 137
111 106
80 106
168 171
99 133
105 133
171 208
108 139
132 104
79 77
111 134
111 106
174 208
139 75
79 134
141 167
111 103
139 141
70 71
105 71
138 79
171 111
163 136
107 111
139 71
173 135
169 40
173 137
79 108
100 79
133 138
100 71
105 131
75 103
109 104
43 138
143 72
168 75
79 170
137 134
208 103
106 74
111 104
103 105
135 110
80 138
132 107
174 168
208 105
108 107
101 133
133 138
105 131
76 168
133 137
108 171
45 132
107 79
79 136
103 135
102 102
104 134
105 103
132 208
100 107
79 169
105 107
102 138
112 103
175 44
40 137
42 110
133 107
138 133
107 141
69 107
102 134
140 143
111 109
137 132
136 107
134 137
142 112
109 69
104 109
142 108
74 107
137 105
168 134
139 105
167 132
109 100
208 134
135 133
108 112
135 110
131 106
103 138
134 135
107 132
101 104
107 79
109 77
133 107
133 109
132 137
111 108
133 101
79 112
143 105
78 138
133 133
102 108
74 139
108 104
134 135
111 135
134 77
110 144
104 76
174 108
134 110
131 102
107 106
131 108
176 105
74 79
107 108
208 72
107 106
100 71
103 135
101 104
106 73
174 46
110 132
137 42
106 108
79 44
79 135
172 110
108 135
106 109
111 134
132 104
108 67
108 107
164 106
108 132
108 72
99 142
109 107
109 132
109 109
169 103
75 105
135 108
135 80
110 133
104 132
109 112
164 107
134 110
106 133
78 106
133 142
133 110
208 79
105 171
137 165
107 104
109 106
100 104
112 111
74 138
165 166
104 132
107 106
175 108
208 135
107 135
131 104
111 74
103 136
133 108
105 136
109 110
107 133
73 74
111 76
175 104
208 208
100 166
76 134
111 135
73 79
109 44
112 133
208 47
137 135
103 106
172 108
107 108
106 135
138 208
108 76
175 104
44 111
175 110
135 106
171 208
170 109
75 101
107 136
42 109
135 106
208 107
165 101
104 104
107 101
106 112
132 111
104 103
109 76
132 76
102 72
105 99
72 71
106 105
110 134
107 106
76 69
170 45
107 107
103 78
136 133
73 107
111 106
164 104
102 78
136 109
109 105
208 104
106 108
75 109
101 103
137 75
112 78
105 172
106 107
105 77
106 74
131 106
111 133
208 67
131 111
110 106
105 109
139 107
111 108
105 104
100 109
134 174
134 135
106 108
136 106
107 105
137 168
107 107
105 110
77 105
139 109
133 132
107 73
73 99
46 72
108 140
139 138
71 137
103 79
111 136
71 68
171 77
131 133
103 208
165 102
171 171
106 137
79 79
208 43
132 133
108 107
109 78
109 135
108 46
79 176
99 106
78 131
108 100
75 135
133 107
134 134
106 105
106 106
75 108
136 109
174 103
103 107
104 71
110 106
131 132
77 110
78 100
140 46
75 136
106 101
107 133
46 102
136 110
111 134
141 111
131 139
106 44
208 76
75 111
132 111
132 134
173 166
168 100
101 106
165 106
76 111
0 106
75 172
140 134
138 79
141 138
141 79
110 77
109 107
107 107
104 107
100 104
134 111
70 101
78 138
133 108
103 142
101 134
110 109
106 137
111 104
134 110
103 134
136 100
103 109
137 166
106 107
110 168
106 134
74 140
109 107
111 106
131 103
108 112
169 103
172 105
165 137
79 108
101 69
131 107
136 135
110 133
135 106
131 106
166 102
133 76
72 108
76 75
79 76
106 132
111 102
80 112
133 108
133 134
134 99
131 46
73 208
111 111
208 104
110 133
75 45
171 79
132 110
105 139
68 104
134 103
132 76
133 76
208 44
139 107
208 167
133 106
131 109
132 136
101 101
79 132
108 142
138 132
75 138
133 104
102 140
109 105
132 134
102 75
100 102
173 45
105 138
78 77
131 136
108 76
136 107
208 109
109 103
105 104
105 143
108 78
74 108
174 106
109 104
208 103
102 105
111 108
72 135
107 111
76 78
138 102
133 108
110 132
111 140
104 108
105 74
72 109
142 132
135 108
134 139
101 108
131 133
132 142
166 167
105 132
105 108
134 109
70 79
136 136
112 107
104 103
163 103
134 75
111 111
208 106
135 110
168 166
105 105
135 105
76 76
102 103
101 133
142 106
111 111
78 137
71 106
139 136
134 110
132 100
109 73
110 131
175 135
111 102
68 132
106 106
103 76
134 110
132 72
104 137
110 107
171 111
68 173
77 139
103 136
140 112
137 133
134 135
169 105
80 111
104 167
74 165
110 47
107 103
138 75
110 105
106 109
100 99
111 132
78 99
175 172
103 109
135 175
165 135
208 104
101 109
110 107
106 101
77 107
105 109
78 173
73 79
100 105
78 109
76 106
138 111
103 131
105 131
138 76
106 140
134 79
71 166
169 103
173 138
103 108
133 135
109 79
110 135
104 138
100 109
106 136
138 143
110 108
107 136
172 105
110 167
111 134
105 136
74 108
108 170
111 109
109 102
208 107
136 110
165 107
105 104
136 131
104 137
139 133
74 208
106 109
104 110
110 141
107 107
104 104
103 102
208 104
77 111
169 110
105 78
131 102
132 132
104 163
165 137
107 101
174 135
104 102
208 165
75 104
135 138
131 105
208 104
139 170
133 104
104 133
75 76
107 107
109 111
137 108
135 46
208 75
133 108
79 104
74 108
208 208
167 73
164 112
105 133
76 104
172 102
41 44
101 134
106 131
104 111
103 100
142 47
167 165
109 110
174 133
133 111
102 165
136 105
166 136
170 109
111 108
80 139
132 108
105 108
107 99
109 108
141 102
105 135
107 165
100 103
101 131
172 208
106 104
135 110
131 110
109 134
108 109
106 132
105 104
132 107
77 109
108 132
103 70
136 163
104 136
104 166
107 112
143 134
138 107
101 72
208 77
73 208
78 132
107 135
73 136
104 132
132 134
76 107
134 107
105 46
133 133
176 109
101 110
48 104
103 136
208 170
135 106
111 109
112 112
110 108
166 109
69 76
109 105
135 77
41 208
208 103
132 109
102 132
104 107
110 76
105 133
132 74
101 100
138 132
171 105
100 137
107 141
104 136
103 132
139 105
107 132
110 77
106 78
174 142
137 104
208 105
105 103
111 108
138 133
143 143
107 107
105 44
108 101
110 132
108 71
134 108
102 105
106 167
106 134
134 107
77 133
103 103
171 108
169 75
137 105
133 135
105 111
107 72
133 76
132 110
137 106
208 109
106 104
76 133
108 110
71 73
111 76
110 107
167 107
132 168
109 137
75 136
132 164
109 136
136 79
75 107
75 78
133 135
103 110
108 110
208 166
138 139
135 78
110 134
174 69
132 133
102 111
105 103
0 107
106 135
134 108
208 166
111 106
111 109
137 75
108 106
101 76
109 106
102 208
108 102
107 106
141 76
135 106
111 132
111 133
134 107
104 78
111 106
102 109
110 107
132 104
42 76
108 78
165 104
79 134
208 104
109 108
111 132
72 69
132 106
107 112
101 136
141 75
110 137
79 105
80 106
208 172
79 74
139 109
175 142
108 77
111 105
132 42
132 134
132 100
72 140
134 108
132 104
107 102
208 167
165 131
109 135
100 105
72 78
105 100
109 71
75 139
107 110
133 107
138 134
108 168
131 132
102 43
71 142
165 106
79 78
111 103
140 106
74 107
134 108
208 71
107 70
164 101
108 79
105 107
71 104
136 102
103 78
77 38
75 101
104 138
109 139
108 107
110 106
208 165
135 135
139 100
142 71
176 108
107 139
141 69
138 108
208 139
107 133
45 107
131 102
102 143
110 137
104 109
175 167
110 106
135 38
133 105
111 103
108 101
103 102
73 106
141 101
106 133
108 111
208 71
108 100
80 74
134 76
105 107
74 104
165 78
136 132
134 75
136 137
208 42
105 139
102 134
109 106
140 80
106 107
108 107
109 72
104 107
136 105
135 167
136 103
101 76
